#run_name            mass#9900012         mass#9900035         mass#9900036         mass#9900037         cross                error                
run_01               0.000000e+00         1.000000e+02         1.000000e+02         1.000000e+02         5.362547e-08         5.975981e-11         
run_02               0.000000e+00         2.500000e+02         2.500000e+02         2.500000e+02         1.041739e-09         1.219387e-12         
run_03               0.000000e+00         5.000000e+02         5.000000e+02         5.000000e+02         6.338750e-11         6.289744e-14         
run_04               0.000000e+00         1.000000e+03         1.000000e+03         1.000000e+03         3.934406e-12         3.960698e-15         
run_05               0.000000e+00         1.000000e+04         1.000000e+04         1.000000e+04         3.924300e-16         3.853083e-19         
run_06               1.000000e+00         1.000000e+02         1.000000e+02         1.000000e+02         5.290797e-08         5.647330e-11         
run_07               1.000000e+00         2.500000e+02         2.500000e+02         2.500000e+02         1.028488e-09         1.037127e-12         
run_08               1.000000e+00         5.000000e+02         5.000000e+02         5.000000e+02         6.247642e-11         7.490666e-14         
run_09               1.000000e+00         1.000000e+03         1.000000e+03         1.000000e+03         3.881306e-12         4.155290e-15         
run_10               1.000000e+00         1.000000e+04         1.000000e+04         1.000000e+04         3.864700e-16         3.700097e-19         
run_11               2.000000e+00         1.000000e+02         1.000000e+02         1.000000e+02         5.083370e-08         5.189130e-11         
run_12               2.000000e+00         2.500000e+02         2.500000e+02         2.500000e+02         9.899424e-10         1.038073e-12         
run_13               2.000000e+00         5.000000e+02         5.000000e+02         5.000000e+02         6.008740e-11         6.550365e-14         
run_14               2.000000e+00         1.000000e+03         1.000000e+03         1.000000e+03         3.725705e-12         3.509875e-15         
run_15               2.000000e+00         1.000000e+04         1.000000e+04         1.000000e+04         3.731000e-16         3.733560e-19         
run_16               3.000000e+00         1.000000e+02         1.000000e+02         1.000000e+02         4.805702e-08         4.957060e-11         
run_17               3.000000e+00         2.500000e+02         2.500000e+02         2.500000e+02         9.331767e-10         9.748086e-13         
run_18               3.000000e+00         5.000000e+02         5.000000e+02         5.000000e+02         5.665531e-11         4.529556e-14         
run_19               3.000000e+00         1.000000e+03         1.000000e+03         1.000000e+03         3.520005e-12         3.128645e-15         
run_20               3.000000e+00         1.000000e+04         1.000000e+04         1.000000e+04         3.509500e-16         3.632399e-19         
run_21               4.000000e+00         1.000000e+02         1.000000e+02         1.000000e+02         4.464955e-08         4.609947e-11         
run_22               4.000000e+00         2.500000e+02         2.500000e+02         2.500000e+02         8.652062e-10         7.685876e-13         
run_23               4.000000e+00         5.000000e+02         5.000000e+02         5.000000e+02         5.253627e-11         5.259535e-14         
run_24               4.000000e+00         1.000000e+03         1.000000e+03         1.000000e+03         3.264105e-12         3.013952e-15         
run_25               4.000000e+00         1.000000e+04         1.000000e+04         1.000000e+04         3.255100e-16         3.234857e-19         
run_26               5.000000e+00         1.000000e+02         1.000000e+02         1.000000e+02         4.079446e-08         3.903713e-11         
run_27               5.000000e+00         2.500000e+02         2.500000e+02         2.500000e+02         7.902912e-10         7.258944e-13         
run_28               5.000000e+00         5.000000e+02         5.000000e+02         5.000000e+02         4.797618e-11         4.228897e-14         
run_29               5.000000e+00         1.000000e+03         1.000000e+03         1.000000e+03         2.974905e-12         2.892268e-15         
run_30               5.000000e+00         1.000000e+04         1.000000e+04         1.000000e+04         2.972400e-16         2.685253e-19         
run_31               6.000000e+00         1.000000e+02         1.000000e+02         1.000000e+02         3.684439e-08         3.456503e-11         
run_32               6.000000e+00         2.500000e+02         2.500000e+02         2.500000e+02         7.115217e-10         6.102953e-13         
run_33               6.000000e+00         5.000000e+02         5.000000e+02         5.000000e+02         4.321410e-11         3.696521e-14         
run_34               6.000000e+00         1.000000e+03         1.000000e+03         1.000000e+03         2.681504e-12         2.483013e-15         
run_35               6.000000e+00         1.000000e+04         1.000000e+04         1.000000e+04         2.675900e-16         2.390847e-19         
run_36               7.000000e+00         1.000000e+02         1.000000e+02         1.000000e+02         3.280838e-08         2.698971e-11         
run_37               7.000000e+00         2.500000e+02         2.500000e+02         2.500000e+02         6.344913e-10         6.005786e-13         
run_38               7.000000e+00         5.000000e+02         5.000000e+02         5.000000e+02         3.853099e-11         3.328165e-14         
run_39               7.000000e+00         1.000000e+03         1.000000e+03         1.000000e+03         2.390004e-12         1.943330e-15         
run_40               7.000000e+00         1.000000e+04         1.000000e+04         1.000000e+04         2.383800e-16         2.023953e-19         
run_41               8.000000e+00         1.000000e+02         1.000000e+02         1.000000e+02         2.890830e-08         2.771135e-11         
run_42               8.000000e+00         2.500000e+02         2.500000e+02         2.500000e+02         5.588095e-10         5.364749e-13         
run_43               8.000000e+00         5.000000e+02         5.000000e+02         5.000000e+02         3.395187e-11         2.613047e-14         
run_44               8.000000e+00         1.000000e+03         1.000000e+03         1.000000e+03         2.105303e-12         1.687565e-15         
run_45               8.000000e+00         1.000000e+04         1.000000e+04         1.000000e+04         2.100200e-16         1.758705e-19         
run_46               9.000000e+00         1.000000e+02         1.000000e+02         1.000000e+02         2.519720e-08         2.145822e-11         
run_47               9.000000e+00         2.500000e+02         2.500000e+02         2.500000e+02         4.868614e-10         4.515330e-13         
run_48               9.000000e+00         5.000000e+02         5.000000e+02         5.000000e+02         2.957077e-11         2.649661e-14         
run_49               9.000000e+00         1.000000e+03         1.000000e+03         1.000000e+03         1.834583e-12         1.505247e-15         
run_50               9.000000e+00         1.000000e+04         1.000000e+04         1.000000e+04         1.832370e-16         1.674338e-19         
run_51               1.000000e+01         1.000000e+02         1.000000e+02         1.000000e+02         2.176961e-08         1.932773e-11         
run_52               1.000000e+01         2.500000e+02         2.500000e+02         2.500000e+02         4.203876e-10         3.063620e-13         
run_53               1.000000e+01         5.000000e+02         5.000000e+02         5.000000e+02         2.553268e-11         2.350300e-14         
run_54               1.000000e+01         1.000000e+03         1.000000e+03         1.000000e+03         1.583673e-12         1.368821e-15         
run_55               1.000000e+01         1.000000e+04         1.000000e+04         1.000000e+04         1.583340e-16         1.492351e-19         
run_56               1.100000e+01         1.000000e+02         1.000000e+02         1.000000e+02         1.859052e-08         1.492989e-11         
run_57               1.100000e+01         2.500000e+02         2.500000e+02         2.500000e+02         3.597387e-10         3.358393e-13         
run_58               1.100000e+01         5.000000e+02         5.000000e+02         5.000000e+02         2.182361e-11         1.686592e-14         
run_59               1.100000e+01         1.000000e+03         1.000000e+03         1.000000e+03         1.354292e-12         1.148123e-15         
run_60               1.100000e+01         1.000000e+04         1.000000e+04         1.000000e+04         1.352300e-16         1.107951e-19         
run_61               1.200000e+01         1.000000e+02         1.000000e+02         1.000000e+02         1.571493e-08         1.215375e-11         
run_62               1.200000e+01         2.500000e+02         2.500000e+02         2.500000e+02         3.041404e-10         2.358553e-13         
run_63               1.200000e+01         5.000000e+02         5.000000e+02         5.000000e+02         1.852041e-11         1.584790e-14         
run_64               1.200000e+01         1.000000e+03         1.000000e+03         1.000000e+03         1.148532e-12         9.161391e-16         
run_65               1.200000e+01         1.000000e+04         1.000000e+04         1.000000e+04         1.144330e-16         9.589368e-20         
run_66               1.300000e+01         1.000000e+02         1.000000e+02         1.000000e+02         1.317121e-08         1.018119e-11         
run_67               1.300000e+01         2.500000e+02         2.500000e+02         2.500000e+02         2.553472e-10         1.832172e-13         
run_68               1.300000e+01         5.000000e+02         5.000000e+02         5.000000e+02         1.552154e-11         1.261442e-14         
run_69               1.300000e+01         1.000000e+03         1.000000e+03         1.000000e+03         9.621617e-13         7.386444e-16         
run_70               1.300000e+01         1.000000e+04         1.000000e+04         1.000000e+04         9.605500e-17         6.503763e-20         
run_71               1.400000e+01         1.000000e+02         1.000000e+02         1.000000e+02         1.090832e-08         8.869684e-12         
run_72               1.400000e+01         2.500000e+02         2.500000e+02         2.500000e+02         2.120312e-10         1.472843e-13         
run_73               1.400000e+01         5.000000e+02         5.000000e+02         5.000000e+02         1.288106e-11         9.532156e-15         
run_74               1.400000e+01         1.000000e+03         1.000000e+03         1.000000e+03         7.998714e-13         6.863491e-16         
run_75               1.400000e+01         1.000000e+04         1.000000e+04         1.000000e+04         7.968200e-17         6.196819e-20         
run_76               1.500000e+01         1.000000e+02         1.000000e+02         1.000000e+02         8.967270e-09         6.185597e-12         
run_77               1.500000e+01         2.500000e+02         2.500000e+02         2.500000e+02         1.743087e-10         1.358792e-13         
run_78               1.500000e+01         5.000000e+02         5.000000e+02         5.000000e+02         1.059251e-11         9.386349e-15         
run_79               1.500000e+01         1.000000e+03         1.000000e+03         1.000000e+03         6.570412e-13         5.689665e-16         
run_80               1.500000e+01         1.000000e+04         1.000000e+04         1.000000e+04         6.562900e-17         5.549236e-20         
run_81               1.600000e+01         1.000000e+02         1.000000e+02         1.000000e+02         7.284680e-09         5.484386e-12         
run_82               1.600000e+01         2.500000e+02         2.500000e+02         2.500000e+02         1.415552e-10         9.969860e-14         
run_83               1.600000e+01         5.000000e+02         5.000000e+02         5.000000e+02         8.622747e-12         7.664703e-15         
run_84               1.600000e+01         1.000000e+03         1.000000e+03         1.000000e+03         5.351610e-13         3.908479e-16         
run_85               1.600000e+01         1.000000e+04         1.000000e+04         1.000000e+04         5.336300e-17         4.427489e-20         
run_86               1.700000e+01         1.000000e+02         1.000000e+02         1.000000e+02         5.856340e-09         4.654172e-12         
run_87               1.700000e+01         2.500000e+02         2.500000e+02         2.500000e+02         1.142314e-10         9.041398e-14         
run_88               1.700000e+01         5.000000e+02         5.000000e+02         5.000000e+02         6.943797e-12         5.623399e-15         
run_89               1.700000e+01         1.000000e+03         1.000000e+03         1.000000e+03         4.307108e-13         3.689716e-16         
run_90               1.700000e+01         1.000000e+04         1.000000e+04         1.000000e+04         4.304000e-17         3.150476e-20         
run_91               1.800000e+01         1.000000e+02         1.000000e+02         1.000000e+02         4.651560e-09         3.105280e-12         
run_92               1.800000e+01         2.500000e+02         2.500000e+02         2.500000e+02         9.090131e-11         6.779789e-14         
run_93               1.800000e+01         5.000000e+02         5.000000e+02         5.000000e+02         5.535360e-12         4.289402e-15         
run_94               1.800000e+01         1.000000e+03         1.000000e+03         1.000000e+03         3.437106e-13         2.692752e-16         
run_95               1.800000e+01         1.000000e+04         1.000000e+04         1.000000e+04         3.429500e-17         2.394850e-20         
run_96               1.900000e+01         1.000000e+02         1.000000e+02         1.000000e+02         3.650570e-09         2.581140e-12         
run_97               1.900000e+01         2.500000e+02         2.500000e+02         2.500000e+02         7.159562e-11         5.940814e-14         
run_98               1.900000e+01         5.000000e+02         5.000000e+02         5.000000e+02         4.356826e-12         3.128290e-15         
run_99               1.900000e+01         1.000000e+03         1.000000e+03         1.000000e+03         2.708105e-13         1.934943e-16         
run_100              1.900000e+01         1.000000e+04         1.000000e+04         1.000000e+04         2.703500e-17         1.691935e-20         
run_101              2.000000e+01         1.000000e+02         1.000000e+02         1.000000e+02         2.827677e-09         2.097625e-12         
run_102              2.000000e+01         2.500000e+02         2.500000e+02         2.500000e+02         5.571258e-11         4.102646e-14         
run_103              2.000000e+01         5.000000e+02         5.000000e+02         5.000000e+02         3.394298e-12         2.497303e-15         
run_104              2.000000e+01         1.000000e+03         1.000000e+03         1.000000e+03         2.109004e-13         1.641821e-16         
run_105              2.000000e+01         1.000000e+04         1.000000e+04         1.000000e+04         2.101700e-17         1.773771e-20         
run_106              2.100000e+01         1.000000e+02         1.000000e+02         1.000000e+02         2.167513e-09         1.495055e-12         
run_107              2.100000e+01         2.500000e+02         2.500000e+02         2.500000e+02         4.281921e-11         3.260651e-14         
run_108              2.100000e+01         5.000000e+02         5.000000e+02         5.000000e+02         2.609875e-12         2.135513e-15         
run_109              2.100000e+01         1.000000e+03         1.000000e+03         1.000000e+03         1.620153e-13         1.191553e-16         
run_110              2.100000e+01         1.000000e+04         1.000000e+04         1.000000e+04         1.617620e-17         1.227807e-20         
run_111              2.200000e+01         1.000000e+02         1.000000e+02         1.000000e+02         1.633254e-09         1.503761e-12         
run_112              2.200000e+01         2.500000e+02         2.500000e+02         2.500000e+02         3.248235e-11         2.616471e-14         
run_113              2.200000e+01         5.000000e+02         5.000000e+02         5.000000e+02         1.977376e-12         1.488568e-15         
run_114              2.200000e+01         1.000000e+03         1.000000e+03         1.000000e+03         1.230002e-13         8.146349e-17         
run_115              2.200000e+01         1.000000e+04         1.000000e+04         1.000000e+04         1.227210e-17         8.911125e-21         
run_116              2.300000e+01         1.000000e+02         1.000000e+02         1.000000e+02         1.216987e-09         7.880174e-13         
run_117              2.300000e+01         2.500000e+02         2.500000e+02         2.500000e+02         2.420729e-11         1.786459e-14         
run_118              2.300000e+01         5.000000e+02         5.000000e+02         5.000000e+02         1.477632e-12         9.563882e-16         
run_119              2.300000e+01         1.000000e+03         1.000000e+03         1.000000e+03         9.186816e-14         5.765630e-17         
run_120              2.300000e+01         1.000000e+04         1.000000e+04         1.000000e+04         9.174500e-18         7.024236e-21         
run_121              2.400000e+01         1.000000e+02         1.000000e+02         1.000000e+02         8.889760e-10         6.503784e-13         
run_122              2.400000e+01         2.500000e+02         2.500000e+02         2.500000e+02         1.780675e-11         1.238500e-14         
run_123              2.400000e+01         5.000000e+02         5.000000e+02         5.000000e+02         1.087060e-12         6.746167e-16         
run_124              2.400000e+01         1.000000e+03         1.000000e+03         1.000000e+03         6.759512e-14         4.796366e-17         
run_125              2.400000e+01         1.000000e+04         1.000000e+04         1.000000e+04         6.747000e-18         4.169677e-21         
run_126              2.500000e+01         1.000000e+02         1.000000e+02         1.000000e+02         6.388540e-10         4.949681e-13         
run_127              2.500000e+01         2.500000e+02         2.500000e+02         2.500000e+02         1.286170e-11         9.422723e-15         
run_128              2.500000e+01         5.000000e+02         5.000000e+02         5.000000e+02         7.865920e-13         5.190956e-16         
run_129              2.500000e+01         1.000000e+03         1.000000e+03         1.000000e+03         4.886408e-14         3.433939e-17         
run_130              2.500000e+01         1.000000e+04         1.000000e+04         1.000000e+04         4.875600e-18         3.783287e-21         
run_131              2.600000e+01         1.000000e+02         1.000000e+02         1.000000e+02         4.507828e-10         3.533370e-13         
run_132              2.600000e+01         2.500000e+02         2.500000e+02         2.500000e+02         9.134261e-12         6.150546e-15         
run_133              2.600000e+01         5.000000e+02         5.000000e+02         5.000000e+02         5.581453e-13         4.023563e-16         
run_134              2.600000e+01         1.000000e+03         1.000000e+03         1.000000e+03         3.468106e-14         2.416195e-17         
run_135              2.600000e+01         1.000000e+04         1.000000e+04         1.000000e+04         3.463200e-18         2.025326e-21         
run_136              2.700000e+01         1.000000e+02         1.000000e+02         1.000000e+02         3.120438e-10         2.328818e-13         
run_137              2.700000e+01         2.500000e+02         2.500000e+02         2.500000e+02         6.339119e-12         4.494257e-15         
run_138              2.700000e+01         5.000000e+02         5.000000e+02         5.000000e+02         3.881104e-13         2.397674e-16         
run_139              2.700000e+01         1.000000e+03         1.000000e+03         1.000000e+03         2.410504e-14         1.682945e-17         
run_140              2.700000e+01         1.000000e+04         1.000000e+04         1.000000e+04         2.407400e-18         1.915740e-21         
run_141              2.800000e+01         1.000000e+02         1.000000e+02         1.000000e+02         2.105050e-10         1.588076e-13         
run_142              2.800000e+01         2.500000e+02         2.500000e+02         2.500000e+02         4.306996e-12         2.499446e-15         
run_143              2.800000e+01         5.000000e+02         5.000000e+02         5.000000e+02         2.637668e-13         1.720040e-16         
run_144              2.800000e+01         1.000000e+03         1.000000e+03         1.000000e+03         1.640023e-14         1.111551e-17         
run_145              2.800000e+01         1.000000e+04         1.000000e+04         1.000000e+04         1.636840e-18         1.245702e-21         
run_146              2.900000e+01         1.000000e+02         1.000000e+02         1.000000e+02         1.386472e-10         9.799554e-14         
run_147              2.900000e+01         2.500000e+02         2.500000e+02         2.500000e+02         2.857395e-12         1.926345e-15         
run_148              2.900000e+01         5.000000e+02         5.000000e+02         5.000000e+02         1.751594e-13         1.189741e-16         
run_149              2.900000e+01         1.000000e+03         1.000000e+03         1.000000e+03         1.088832e-14         7.719049e-18         
run_150              2.900000e+01         1.000000e+04         1.000000e+04         1.000000e+04         1.086300e-18         7.566342e-22         
run_151              3.000000e+01         1.000000e+02         1.000000e+02         1.000000e+02         8.872710e-11         6.312402e-14         
run_152              3.000000e+01         2.500000e+02         2.500000e+02         2.500000e+02         1.839033e-12         1.165667e-15         
run_153              3.000000e+01         5.000000e+02         5.000000e+02         5.000000e+02         1.128427e-13         7.707384e-17         
run_154              3.000000e+01         1.000000e+03         1.000000e+03         1.000000e+03         7.016611e-15         4.571690e-18         
run_155              3.000000e+01         1.000000e+04         1.000000e+04         1.000000e+04         7.004600e-19         4.783735e-22         
run_156              3.100000e+01         1.000000e+02         1.000000e+02         1.000000e+02         5.508970e-11         4.106049e-14         
run_157              3.100000e+01         2.500000e+02         2.500000e+02         2.500000e+02         1.149944e-12         8.293182e-16         
run_158              3.100000e+01         5.000000e+02         5.000000e+02         5.000000e+02         7.048567e-14         5.083445e-17         
run_159              3.100000e+01         1.000000e+03         1.000000e+03         1.000000e+03         4.386207e-15         2.985415e-18         
run_160              3.100000e+01         1.000000e+04         1.000000e+04         1.000000e+04         4.383500e-19         3.003738e-22         
run_161              3.200000e+01         1.000000e+02         1.000000e+02         1.000000e+02         3.290412e-11         1.962824e-14         
run_162              3.200000e+01         2.500000e+02         2.500000e+02         2.500000e+02         6.919410e-13         5.005388e-16         
run_163              3.200000e+01         5.000000e+02         5.000000e+02         5.000000e+02         4.249796e-14         2.793911e-17         
run_164              3.200000e+01         1.000000e+03         1.000000e+03         1.000000e+03         2.645404e-15         1.793858e-18         
run_165              3.200000e+01         1.000000e+04         1.000000e+04         1.000000e+04         2.641000e-19         1.707711e-22         
run_166              3.300000e+01         1.000000e+02         1.000000e+02         1.000000e+02         1.888570e-11         1.289556e-14         
run_167              3.300000e+01         2.500000e+02         2.500000e+02         2.500000e+02         3.996733e-13         2.193806e-16         
run_168              3.300000e+01         5.000000e+02         5.000000e+02         5.000000e+02         2.457954e-14         1.600741e-17         
run_169              3.300000e+01         1.000000e+03         1.000000e+03         1.000000e+03         1.530182e-15         9.769419e-19         
run_170              3.300000e+01         1.000000e+04         1.000000e+04         1.000000e+04         1.529410e-19         9.370793e-23         
run_171              3.400000e+01         1.000000e+02         1.000000e+02         1.000000e+02         1.030164e-11         6.430625e-15         
run_172              3.400000e+01         2.500000e+02         2.500000e+02         2.500000e+02         2.198551e-13         1.355604e-16         
run_173              3.400000e+01         5.000000e+02         5.000000e+02         5.000000e+02         1.355097e-14         8.028310e-18         
run_174              3.400000e+01         1.000000e+03         1.000000e+03         1.000000e+03         8.426811e-16         5.545173e-19         
run_175              3.400000e+01         1.000000e+04         1.000000e+04         1.000000e+04         8.425900e-20         5.908555e-23         
run_176              3.500000e+01         1.000000e+02         1.000000e+02         1.000000e+02         5.320675e-12         3.927170e-15         
run_177              3.500000e+01         2.500000e+02         2.500000e+02         2.500000e+02         1.145588e-13         7.713957e-17         
run_178              3.500000e+01         5.000000e+02         5.000000e+02         5.000000e+02         7.055935e-15         4.518052e-18         
run_179              3.500000e+01         1.000000e+03         1.000000e+03         1.000000e+03         4.391805e-16         2.946873e-19         
run_180              3.500000e+01         1.000000e+04         1.000000e+04         1.000000e+04         4.397600e-20         2.946827e-23         
run_181              3.600000e+01         1.000000e+02         1.000000e+02         1.000000e+02         2.568078e-12         1.833176e-15         
run_182              3.600000e+01         2.500000e+02         2.500000e+02         2.500000e+02         5.573298e-14         3.792184e-17         
run_183              3.600000e+01         5.000000e+02         5.000000e+02         5.000000e+02         3.438261e-15         2.177136e-18         
run_184              3.600000e+01         1.000000e+03         1.000000e+03         1.000000e+03         2.139802e-16         1.276479e-19         
run_185              3.600000e+01         1.000000e+04         1.000000e+04         1.000000e+04         2.139400e-20         1.222231e-23         
run_186              3.700000e+01         1.000000e+02         1.000000e+02         1.000000e+02         1.141754e-12         8.039050e-16         
run_187              3.700000e+01         2.500000e+02         2.500000e+02         2.500000e+02         2.494890e-14         1.639769e-17         
run_188              3.700000e+01         5.000000e+02         5.000000e+02         5.000000e+02         1.541095e-15         9.020905e-19         
run_189              3.700000e+01         1.000000e+03         1.000000e+03         1.000000e+03         9.608110e-17         5.881132e-20         
run_190              3.700000e+01         1.000000e+04         1.000000e+04         1.000000e+04         9.599800e-21         5.816624e-24         
run_191              3.800000e+01         1.000000e+02         1.000000e+02         1.000000e+02         4.576283e-13         3.662600e-16         
run_192              3.800000e+01         2.500000e+02         2.500000e+02         2.500000e+02         1.008201e-14         6.645082e-18         
run_193              3.800000e+01         5.000000e+02         5.000000e+02         5.000000e+02         6.229394e-16         3.836337e-19         
run_194              3.800000e+01         1.000000e+03         1.000000e+03         1.000000e+03         3.886404e-17         2.543908e-20         
run_195              3.800000e+01         1.000000e+04         1.000000e+04         1.000000e+04         3.880600e-21         2.376931e-24         
run_196              3.900000e+01         1.000000e+02         1.000000e+02         1.000000e+02         1.605485e-13         1.187012e-16         
run_197              3.900000e+01         2.500000e+02         2.500000e+02         2.500000e+02         3.570595e-15         2.407105e-18         
run_198              3.900000e+01         5.000000e+02         5.000000e+02         5.000000e+02         2.212129e-16         1.309406e-19         
run_199              3.900000e+01         1.000000e+03         1.000000e+03         1.000000e+03         1.378981e-17         7.653745e-21         
run_200              3.900000e+01         1.000000e+04         1.000000e+04         1.000000e+04         1.378440e-21         8.838310e-25         
run_201              4.000000e+01         1.000000e+02         1.000000e+02         1.000000e+02         4.737551e-14         3.479113e-17         
run_202              4.000000e+01         2.500000e+02         2.500000e+02         2.500000e+02         1.062856e-15         6.828778e-19         
run_203              4.000000e+01         5.000000e+02         5.000000e+02         5.000000e+02         6.587477e-17         4.062094e-20         
run_204              4.000000e+01         1.000000e+03         1.000000e+03         1.000000e+03         4.105903e-18         2.294894e-21         
run_205              4.000000e+01         1.000000e+04         1.000000e+04         1.000000e+04         4.103600e-22         2.719269e-25         
