#run_name            mass#9900012         mass#9900035         mass#9900036         mass#9900037         cross                error                
run_01               0.000000e+00         1.000000e+02         1.000000e+02         1.000000e+02         1.501026e-08         1.729768e-11         
run_02               0.000000e+00         2.500000e+02         2.500000e+02         2.500000e+02         2.915710e-10         2.837586e-13         
run_03               0.000000e+00         5.000000e+02         5.000000e+02         5.000000e+02         1.772442e-11         1.494700e-14         
run_04               0.000000e+00         1.000000e+03         1.000000e+03         1.000000e+03         1.099702e-12         1.228500e-15         
run_05               0.000000e+00         1.000000e+04         1.000000e+04         1.000000e+04         1.098500e-16         1.027100e-19         
run_06               1.000000e+00         1.000000e+02         1.000000e+02         1.000000e+02         1.481384e-08         1.640978e-11         
run_07               1.000000e+00         2.500000e+02         2.500000e+02         2.500000e+02         2.879475e-10         3.231215e-13         
run_08               1.000000e+00         5.000000e+02         5.000000e+02         5.000000e+02         1.748640e-11         1.647000e-14         
run_09               1.000000e+00         1.000000e+03         1.000000e+03         1.000000e+03         1.084102e-12         1.138500e-15         
run_10               1.000000e+00         1.000000e+04         1.000000e+04         1.000000e+04         1.083500e-16         1.191700e-19         
run_11               2.000000e+00         1.000000e+02         1.000000e+02         1.000000e+02         1.424982e-08         1.556467e-11         
run_12               2.000000e+00         2.500000e+02         2.500000e+02         2.500000e+02         2.770571e-10         2.973358e-13         
run_13               2.000000e+00         5.000000e+02         5.000000e+02         5.000000e+02         1.680039e-11         1.738100e-14         
run_14               2.000000e+00         1.000000e+03         1.000000e+03         1.000000e+03         1.042602e-12         9.472800e-16         
run_15               2.000000e+00         1.000000e+04         1.000000e+04         1.000000e+04         1.042000e-16         1.005200e-19         
run_16               3.000000e+00         1.000000e+02         1.000000e+02         1.000000e+02         1.344333e-08         1.125307e-11         
run_17               3.000000e+00         2.500000e+02         2.500000e+02         2.500000e+02         2.612038e-10         2.017155e-13         
run_18               3.000000e+00         5.000000e+02         5.000000e+02         5.000000e+02         1.584638e-11         1.611500e-14         
run_19               3.000000e+00         1.000000e+03         1.000000e+03         1.000000e+03         9.836815e-13         8.134900e-16         
run_20               3.000000e+00         1.000000e+04         1.000000e+04         1.000000e+04         9.829600e-17         1.054900e-19         
run_21               4.000000e+00         1.000000e+02         1.000000e+02         1.000000e+02         1.247118e-08         1.346079e-11         
run_22               4.000000e+00         2.500000e+02         2.500000e+02         2.500000e+02         2.416148e-10         2.521679e-13         
run_23               4.000000e+00         5.000000e+02         5.000000e+02         5.000000e+02         1.467336e-11         1.511600e-14         
run_24               4.000000e+00         1.000000e+03         1.000000e+03         1.000000e+03         9.123214e-13         7.585900e-16         
run_25               4.000000e+00         1.000000e+04         1.000000e+04         1.000000e+04         9.087400e-17         8.080100e-20         
run_26               5.000000e+00         1.000000e+02         1.000000e+02         1.000000e+02         1.139225e-08         1.180877e-11         
run_27               5.000000e+00         2.500000e+02         2.500000e+02         2.500000e+02         2.207997e-10         1.762651e-13         
run_28               5.000000e+00         5.000000e+02         5.000000e+02         5.000000e+02         1.342033e-11         1.337700e-14         
run_29               5.000000e+00         1.000000e+03         1.000000e+03         1.000000e+03         8.316213e-13         8.031700e-16         
run_30               5.000000e+00         1.000000e+04         1.000000e+04         1.000000e+04         8.301400e-17         7.014800e-20         
run_31               6.000000e+00         1.000000e+02         1.000000e+02         1.000000e+02         1.027372e-08         8.947613e-12         
run_32               6.000000e+00         2.500000e+02         2.500000e+02         2.500000e+02         1.988021e-10         1.938532e-13         
run_33               6.000000e+00         5.000000e+02         5.000000e+02         5.000000e+02         1.207631e-11         9.798201e-15         
run_34               6.000000e+00         1.000000e+03         1.000000e+03         1.000000e+03         7.482212e-13         7.000000e-16         
run_35               6.000000e+00         1.000000e+04         1.000000e+04         1.000000e+04         7.472700e-17         5.390500e-20         
run_36               7.000000e+00         1.000000e+02         1.000000e+02         1.000000e+02         9.147510e-09         9.162856e-12         
run_37               7.000000e+00         2.500000e+02         2.500000e+02         2.500000e+02         1.771951e-10         1.722639e-13         
run_38               7.000000e+00         5.000000e+02         5.000000e+02         5.000000e+02         1.074927e-11         7.907901e-15         
run_39               7.000000e+00         1.000000e+03         1.000000e+03         1.000000e+03         6.664011e-13         6.597000e-16         
run_40               7.000000e+00         1.000000e+04         1.000000e+04         1.000000e+04         6.660800e-17         4.943100e-20         
run_41               8.000000e+00         1.000000e+02         1.000000e+02         1.000000e+02         8.076490e-09         7.967935e-12         
run_42               8.000000e+00         2.500000e+02         2.500000e+02         2.500000e+02         1.556379e-10         1.431627e-13         
run_43               8.000000e+00         5.000000e+02         5.000000e+02         5.000000e+02         9.454548e-12         7.693401e-15         
run_44               8.000000e+00         1.000000e+03         1.000000e+03         1.000000e+03         5.873710e-13         4.362300e-16         
run_45               8.000000e+00         1.000000e+04         1.000000e+04         1.000000e+04         5.861200e-17         4.437700e-20         
run_46               9.000000e+00         1.000000e+02         1.000000e+02         1.000000e+02         7.026940e-09         6.878948e-12         
run_47               9.000000e+00         2.500000e+02         2.500000e+02         2.500000e+02         1.357197e-10         1.098651e-13         
run_48               9.000000e+00         5.000000e+02         5.000000e+02         5.000000e+02         8.244626e-12         7.260701e-15         
run_49               9.000000e+00         1.000000e+03         1.000000e+03         1.000000e+03         5.109408e-13         4.655900e-16         
run_50               9.000000e+00         1.000000e+04         1.000000e+04         1.000000e+04         5.111800e-17         4.551200e-20         
run_51               1.000000e+01         1.000000e+02         1.000000e+02         1.000000e+02         6.059190e-09         4.430747e-12         
run_52               1.000000e+01         2.500000e+02         2.500000e+02         2.500000e+02         1.172117e-10         9.404810e-14         
run_53               1.000000e+01         5.000000e+02         5.000000e+02         5.000000e+02         7.120191e-12         6.204300e-15         
run_54               1.000000e+01         1.000000e+03         1.000000e+03         1.000000e+03         4.413208e-13         3.884200e-16         
run_55               1.000000e+01         1.000000e+04         1.000000e+04         1.000000e+04         4.398600e-17         3.598100e-20         
run_56               1.100000e+01         1.000000e+02         1.000000e+02         1.000000e+02         5.171520e-09         4.411363e-12         
run_57               1.100000e+01         2.500000e+02         2.500000e+02         2.500000e+02         9.996055e-11         6.069649e-14         
run_58               1.100000e+01         5.000000e+02         5.000000e+02         5.000000e+02         6.082569e-12         5.223401e-15         
run_59               1.100000e+01         1.000000e+03         1.000000e+03         1.000000e+03         3.771306e-13         3.213500e-16         
run_60               1.100000e+01         1.000000e+04         1.000000e+04         1.000000e+04         3.762000e-17         2.933100e-20         
run_61               1.200000e+01         1.000000e+02         1.000000e+02         1.000000e+02         4.371600e-09         2.857715e-12         
run_62               1.200000e+01         2.500000e+02         2.500000e+02         2.500000e+02         8.459221e-11         5.334106e-14         
run_63               1.200000e+01         5.000000e+02         5.000000e+02         5.000000e+02         5.134846e-12         4.662500e-15         
run_64               1.200000e+01         1.000000e+03         1.000000e+03         1.000000e+03         3.187006e-13         2.490300e-16         
run_65               1.200000e+01         1.000000e+04         1.000000e+04         1.000000e+04         3.182700e-17         2.097200e-20         
run_66               1.300000e+01         1.000000e+02         1.000000e+02         1.000000e+02         3.657451e-09         2.554384e-12         
run_67               1.300000e+01         2.500000e+02         2.500000e+02         2.500000e+02         7.092364e-11         4.939449e-14         
run_68               1.300000e+01         5.000000e+02         5.000000e+02         5.000000e+02         4.308321e-12         3.004401e-15         
run_69               1.300000e+01         1.000000e+03         1.000000e+03         1.000000e+03         2.670805e-13         2.175400e-16         
run_70               1.300000e+01         1.000000e+04         1.000000e+04         1.000000e+04         2.667900e-17         2.517200e-20         
run_71               1.400000e+01         1.000000e+02         1.000000e+02         1.000000e+02         3.028372e-09         2.326946e-12         
run_72               1.400000e+01         2.500000e+02         2.500000e+02         2.500000e+02         5.872406e-11         3.956329e-14         
run_73               1.400000e+01         5.000000e+02         5.000000e+02         5.000000e+02         3.573901e-12         2.381900e-15         
run_74               1.400000e+01         1.000000e+03         1.000000e+03         1.000000e+03         2.216104e-13         1.601400e-16         
run_75               1.400000e+01         1.000000e+04         1.000000e+04         1.000000e+04         2.211700e-17         1.504100e-20         
run_76               1.500000e+01         1.000000e+02         1.000000e+02         1.000000e+02         2.483504e-09         1.781622e-12         
run_77               1.500000e+01         2.500000e+02         2.500000e+02         2.500000e+02         4.819715e-11         3.261405e-14         
run_78               1.500000e+01         5.000000e+02         5.000000e+02         5.000000e+02         2.930983e-12         2.326600e-15         
run_79               1.500000e+01         1.000000e+03         1.000000e+03         1.000000e+03         1.819803e-13         1.191400e-16         
run_80               1.500000e+01         1.000000e+04         1.000000e+04         1.000000e+04         1.817000e-17         1.139300e-20         
run_81               1.600000e+01         1.000000e+02         1.000000e+02         1.000000e+02         2.016731e-09         1.466761e-12         
run_82               1.600000e+01         2.500000e+02         2.500000e+02         2.500000e+02         3.918071e-11         2.973984e-14         
run_83               1.600000e+01         5.000000e+02         5.000000e+02         5.000000e+02         2.382769e-12         2.041800e-15         
run_84               1.600000e+01         1.000000e+03         1.000000e+03         1.000000e+03         1.479003e-13         1.031300e-16         
run_85               1.600000e+01         1.000000e+04         1.000000e+04         1.000000e+04         1.477200e-17         1.013900e-20         
run_86               1.700000e+01         1.000000e+02         1.000000e+02         1.000000e+02         1.616442e-09         1.387417e-12         
run_87               1.700000e+01         2.500000e+02         2.500000e+02         2.500000e+02         3.155988e-11         2.739052e-14         
run_88               1.700000e+01         5.000000e+02         5.000000e+02         5.000000e+02         1.916155e-12         1.572000e-15         
run_89               1.700000e+01         1.000000e+03         1.000000e+03         1.000000e+03         1.190302e-13         7.547100e-17         
run_90               1.700000e+01         1.000000e+04         1.000000e+04         1.000000e+04         1.188300e-17         1.004600e-20         
run_91               1.800000e+01         1.000000e+02         1.000000e+02         1.000000e+02         1.280134e-09         1.132005e-12         
run_92               1.800000e+01         2.500000e+02         2.500000e+02         2.500000e+02         2.507282e-11         1.817986e-14         
run_93               1.800000e+01         5.000000e+02         5.000000e+02         5.000000e+02         1.526944e-12         1.226000e-15         
run_94               1.800000e+01         1.000000e+03         1.000000e+03         1.000000e+03         9.460117e-14         7.298700e-17         
run_95               1.800000e+01         1.000000e+04         1.000000e+04         1.000000e+04         9.443100e-18         7.274300e-21         
run_96               1.900000e+01         1.000000e+02         1.000000e+02         1.000000e+02         1.003485e-09         8.855222e-13         
run_97               1.900000e+01         2.500000e+02         2.500000e+02         2.500000e+02         1.971148e-11         1.602434e-14         
run_98               1.900000e+01         5.000000e+02         5.000000e+02         5.000000e+02         1.199135e-12         9.614601e-16         
run_99               1.900000e+01         1.000000e+03         1.000000e+03         1.000000e+03         7.441513e-14         5.600100e-17         
run_100              1.900000e+01         1.000000e+04         1.000000e+04         1.000000e+04         7.437300e-18         5.950200e-21         
run_101              2.000000e+01         1.000000e+02         1.000000e+02         1.000000e+02         7.763250e-10         6.078071e-13         
run_102              2.000000e+01         2.500000e+02         2.500000e+02         2.500000e+02         1.529826e-11         1.007232e-14         
run_103              2.000000e+01         5.000000e+02         5.000000e+02         5.000000e+02         9.315969e-13         7.412801e-16         
run_104              2.000000e+01         1.000000e+03         1.000000e+03         1.000000e+03         5.787410e-14         4.605700e-17         
run_105              2.000000e+01         1.000000e+04         1.000000e+04         1.000000e+04         5.772100e-18         4.844800e-21         
run_106              2.100000e+01         1.000000e+02         1.000000e+02         1.000000e+02         5.918830e-10         4.673353e-13         
run_107              2.100000e+01         2.500000e+02         2.500000e+02         2.500000e+02         1.172159e-11         8.319347e-15         
run_108              2.100000e+01         5.000000e+02         5.000000e+02         5.000000e+02         7.146803e-13         5.605001e-16         
run_109              2.100000e+01         1.000000e+03         1.000000e+03         1.000000e+03         4.435708e-14         3.253300e-17         
run_110              2.100000e+01         1.000000e+04         1.000000e+04         1.000000e+04         4.431200e-18         2.688500e-21         
run_111              2.200000e+01         1.000000e+02         1.000000e+02         1.000000e+02         4.459714e-10         3.261046e-13         
run_112              2.200000e+01         2.500000e+02         2.500000e+02         2.500000e+02         8.854491e-12         5.498993e-15         
run_113              2.200000e+01         5.000000e+02         5.000000e+02         5.000000e+02         5.395551e-13         4.150700e-16         
run_114              2.200000e+01         1.000000e+03         1.000000e+03         1.000000e+03         3.354406e-14         2.527200e-17         
run_115              2.200000e+01         1.000000e+04         1.000000e+04         1.000000e+04         3.349100e-18         2.133100e-21         
run_116              2.300000e+01         1.000000e+02         1.000000e+02         1.000000e+02         3.310914e-10         2.634757e-13         
run_117              2.300000e+01         2.500000e+02         2.500000e+02         2.500000e+02         6.589537e-12         4.850187e-15         
run_118              2.300000e+01         5.000000e+02         5.000000e+02         5.000000e+02         4.019212e-13         2.997700e-16         
run_119              2.300000e+01         1.000000e+03         1.000000e+03         1.000000e+03         2.497604e-14         1.502300e-17         
run_120              2.300000e+01         1.000000e+04         1.000000e+04         1.000000e+04         2.497400e-18         1.829000e-21         
run_121              2.400000e+01         1.000000e+02         1.000000e+02         1.000000e+02         2.408322e-10         1.621163e-13         
run_122              2.400000e+01         2.500000e+02         2.500000e+02         2.500000e+02         4.824505e-12         3.440684e-15         
run_123              2.400000e+01         5.000000e+02         5.000000e+02         5.000000e+02         2.947082e-13         2.160400e-16         
run_124              2.400000e+01         1.000000e+03         1.000000e+03         1.000000e+03         1.831503e-14         1.412700e-17         
run_125              2.400000e+01         1.000000e+04         1.000000e+04         1.000000e+04         1.828700e-18         1.055100e-21         
run_126              2.500000e+01         1.000000e+02         1.000000e+02         1.000000e+02         1.724672e-10         1.469924e-13         
run_127              2.500000e+01         2.500000e+02         2.500000e+02         2.500000e+02         3.473074e-12         2.554556e-15         
run_128              2.500000e+01         5.000000e+02         5.000000e+02         5.000000e+02         2.121857e-13         1.690900e-16         
run_129              2.500000e+01         1.000000e+03         1.000000e+03         1.000000e+03         1.318002e-14         9.350700e-18         
run_130              2.500000e+01         1.000000e+04         1.000000e+04         1.000000e+04         1.315400e-18         9.070500e-22         
run_131              2.600000e+01         1.000000e+02         1.000000e+02         1.000000e+02         1.211505e-10         9.168456e-14         
run_132              2.600000e+01         2.500000e+02         2.500000e+02         2.500000e+02         2.449424e-12         1.438357e-15         
run_133              2.600000e+01         5.000000e+02         5.000000e+02         5.000000e+02         1.498540e-13         9.122401e-17         
run_134              2.600000e+01         1.000000e+03         1.000000e+03         1.000000e+03         9.323416e-15         7.014800e-18         
run_135              2.600000e+01         1.000000e+04         1.000000e+04         1.000000e+04         9.289400e-19         6.556500e-22         
run_136              2.700000e+01         1.000000e+02         1.000000e+02         1.000000e+02         8.313240e-11         5.390892e-14         
run_137              2.700000e+01         2.500000e+02         2.500000e+02         2.500000e+02         1.695637e-12         1.260625e-15         
run_138              2.700000e+01         5.000000e+02         5.000000e+02         5.000000e+02         1.036627e-13         8.066101e-17         
run_139              2.700000e+01         1.000000e+03         1.000000e+03         1.000000e+03         6.444811e-15         3.749000e-18         
run_140              2.700000e+01         1.000000e+04         1.000000e+04         1.000000e+04         6.429900e-19         4.804200e-22         
run_141              2.800000e+01         1.000000e+02         1.000000e+02         1.000000e+02         5.584550e-11         4.575633e-14         
run_142              2.800000e+01         2.500000e+02         2.500000e+02         2.500000e+02         1.143087e-12         6.901892e-16         
run_143              2.800000e+01         5.000000e+02         5.000000e+02         5.000000e+02         7.000979e-14         5.003801e-17         
run_144              2.800000e+01         1.000000e+03         1.000000e+03         1.000000e+03         4.354607e-15         3.250000e-18         
run_145              2.800000e+01         1.000000e+04         1.000000e+04         1.000000e+04         4.349500e-19         3.402500e-22         
run_146              2.900000e+01         1.000000e+02         1.000000e+02         1.000000e+02         3.645285e-11         2.543351e-14         
run_147              2.900000e+01         2.500000e+02         2.500000e+02         2.500000e+02         7.519499e-13         5.435503e-16         
run_148              2.900000e+01         5.000000e+02         5.000000e+02         5.000000e+02         4.603316e-14         3.245600e-17         
run_149              2.900000e+01         1.000000e+03         1.000000e+03         1.000000e+03         2.866404e-15         1.808400e-18         
run_150              2.900000e+01         1.000000e+04         1.000000e+04         1.000000e+04         2.859000e-19         1.764300e-22         
run_151              3.000000e+01         1.000000e+02         1.000000e+02         1.000000e+02         2.310612e-11         1.551993e-14         
run_152              3.000000e+01         2.500000e+02         2.500000e+02         2.500000e+02         4.795990e-13         3.514957e-16         
run_153              3.000000e+01         5.000000e+02         5.000000e+02         5.000000e+02         2.941870e-14         2.146300e-17         
run_154              3.000000e+01         1.000000e+03         1.000000e+03         1.000000e+03         1.829903e-15         1.382000e-18         
run_155              3.000000e+01         1.000000e+04         1.000000e+04         1.000000e+04         1.828300e-19         1.191500e-22         
run_156              3.100000e+01         1.000000e+02         1.000000e+02         1.000000e+02         1.418203e-11         1.053915e-14         
run_157              3.100000e+01         2.500000e+02         2.500000e+02         2.500000e+02         2.958938e-13         2.189134e-16         
run_158              3.100000e+01         5.000000e+02         5.000000e+02         5.000000e+02         1.817643e-14         1.063300e-17         
run_159              3.100000e+01         1.000000e+03         1.000000e+03         1.000000e+03         1.130602e-15         7.731700e-19         
run_160              3.100000e+01         1.000000e+04         1.000000e+04         1.000000e+04         1.128700e-19         6.351000e-23         
run_161              3.200000e+01         1.000000e+02         1.000000e+02         1.000000e+02         8.351880e-12         6.505691e-15         
run_162              3.200000e+01         2.500000e+02         2.500000e+02         2.500000e+02         1.759742e-13         1.241319e-16         
run_163              3.200000e+01         5.000000e+02         5.000000e+02         5.000000e+02         1.080124e-14         7.438700e-18         
run_164              3.200000e+01         1.000000e+03         1.000000e+03         1.000000e+03         6.725609e-16         4.872500e-19         
run_165              3.200000e+01         1.000000e+04         1.000000e+04         1.000000e+04         6.717000e-20         4.698600e-23         
run_166              3.300000e+01         1.000000e+02         1.000000e+02         1.000000e+02         4.712041e-12         3.807902e-15         
run_167              3.300000e+01         2.500000e+02         2.500000e+02         2.500000e+02         9.984862e-14         7.131631e-17         
run_168              3.300000e+01         5.000000e+02         5.000000e+02         5.000000e+02         6.139730e-15         3.938200e-18         
run_169              3.300000e+01         1.000000e+03         1.000000e+03         1.000000e+03         3.827805e-16         2.921400e-19         
run_170              3.300000e+01         1.000000e+04         1.000000e+04         1.000000e+04         3.818700e-20         2.783800e-23         
run_171              3.400000e+01         1.000000e+02         1.000000e+02         1.000000e+02         2.515347e-12         1.653068e-15         
run_172              3.400000e+01         2.500000e+02         2.500000e+02         2.500000e+02         5.385779e-14         3.605849e-17         
run_173              3.400000e+01         5.000000e+02         5.000000e+02         5.000000e+02         3.313966e-15         2.310300e-18         
run_174              3.400000e+01         1.000000e+03         1.000000e+03         1.000000e+03         2.063203e-16         1.415500e-19         
run_175              3.400000e+01         1.000000e+04         1.000000e+04         1.000000e+04         2.058300e-20         1.244000e-23         
run_176              3.500000e+01         1.000000e+02         1.000000e+02         1.000000e+02         1.263747e-12         9.299527e-16         
run_177              3.500000e+01         2.500000e+02         2.500000e+02         2.500000e+02         2.721533e-14         1.615425e-17         
run_178              3.500000e+01         5.000000e+02         5.000000e+02         5.000000e+02         1.676831e-15         1.125400e-18         
run_179              3.500000e+01         1.000000e+03         1.000000e+03         1.000000e+03         1.045901e-16         7.023900e-20         
run_180              3.500000e+01         1.000000e+04         1.000000e+04         1.000000e+04         1.044500e-20         6.335000e-24         
run_181              3.600000e+01         1.000000e+02         1.000000e+02         1.000000e+02         5.871349e-13         3.694477e-16         
run_182              3.600000e+01         2.500000e+02         2.500000e+02         2.500000e+02         1.277568e-14         8.215687e-18         
run_183              3.600000e+01         5.000000e+02         5.000000e+02         5.000000e+02         7.875736e-16         4.299900e-19         
run_184              3.600000e+01         1.000000e+03         1.000000e+03         1.000000e+03         4.902605e-17         3.448600e-20         
run_185              3.600000e+01         1.000000e+04         1.000000e+04         1.000000e+04         4.902600e-21         3.131100e-24         
run_186              3.700000e+01         1.000000e+02         1.000000e+02         1.000000e+02         2.483255e-13         1.851582e-16         
run_187              3.700000e+01         2.500000e+02         2.500000e+02         2.500000e+02         5.441818e-15         2.738243e-18         
run_188              3.700000e+01         5.000000e+02         5.000000e+02         5.000000e+02         3.359553e-16         2.196400e-19         
run_189              3.700000e+01         1.000000e+03         1.000000e+03         1.000000e+03         2.090802e-17         1.333500e-20         
run_190              3.700000e+01         1.000000e+04         1.000000e+04         1.000000e+04         2.091200e-21         1.371600e-24         
run_191              3.800000e+01         1.000000e+02         1.000000e+02         1.000000e+02         9.258390e-14         5.988100e-17         
run_192              3.800000e+01         2.500000e+02         2.500000e+02         2.500000e+02         2.045888e-15         1.348412e-18         
run_193              3.800000e+01         5.000000e+02         5.000000e+02         5.000000e+02         1.265817e-16         7.363100e-20         
run_194              3.800000e+01         1.000000e+03         1.000000e+03         1.000000e+03         7.894607e-18         3.892600e-21         
run_195              3.800000e+01         1.000000e+04         1.000000e+04         1.000000e+04         7.892000e-22         4.991800e-25         
run_196              3.900000e+01         1.000000e+02         1.000000e+02         1.000000e+02         2.920376e-14         2.040601e-17         
run_197              3.900000e+01         2.500000e+02         2.500000e+02         2.500000e+02         6.525815e-16         3.103041e-19         
run_198              3.900000e+01         5.000000e+02         5.000000e+02         5.000000e+02         4.041348e-17         2.181900e-20         
run_199              3.900000e+01         1.000000e+03         1.000000e+03         1.000000e+03         2.518802e-18         1.616800e-21         
run_200              3.900000e+01         1.000000e+04         1.000000e+04         1.000000e+04         2.516700e-22         1.467300e-25         
run_201              4.000000e+01         1.000000e+02         1.000000e+02         1.000000e+02         7.286444e-15         5.138291e-18         
run_202              4.000000e+01         2.500000e+02         2.500000e+02         2.500000e+02         1.642074e-16         9.815549e-20         
run_203              4.000000e+01         5.000000e+02         5.000000e+02         5.000000e+02         1.016610e-17         5.847900e-21         
run_204              4.000000e+01         1.000000e+03         1.000000e+03         1.000000e+03         6.338304e-19         3.757700e-22         
run_205              4.000000e+01         1.000000e+04         1.000000e+04         1.000000e+04         6.347400e-23         3.824900e-26         
